8 317
7 334
2 9260000
3 9000000
4 135000
6 548
5 7890
7 104
2 139000
3 13900
8 103
4 329
6 324
7 309
5 328
2 2170000
8 308
3 696
4 418
2 43800
7 0
6 101
5 104
4 595
2 1490000
8 0
3 5140
4 0
8 0
6 312
7 319
5 330
3 155000
2 12000
8 114
6 0
4 367
7 0
3 836
2 0
8 0
4 342
7 321
6 315
5 324
2 83800
4 0
5 0
6 0
3 0
7 0
8 0
2 1710000
5 324
4 115
3 2980
7 0
2 19800
5 0
8 289
4 41300
3 7970
6 317
2 0
7 329
8 0
8 306
3 996
7 288
4 0
6 0
5 113
2 117000
8 0
4 926
7 0
6 114
3 140000
2 8910000
5 172
8 0
7 0
6 0
4 121
7 309
5 0
4 0
8 34
3 0
6 359
2 116000
3 10500
8 0
6 0
7 0
4 8850
2 7150
5 115
7 336
2 2430000
5 0
3 133000
8 0
6 313
4 975
2 14200
6 0
3 0
7 0
4 415
8 0
5 51700
3 92400
7 0
4 0
2 2160
6 112
8 310
5 320
4 525
6 0
7 314
2 15200000
3 828
5 0
8 0
6 102
4 371
3 126
7 0
3 0
2 2
6 0
4 0
8 0
7 322
5 346
6 331
3 4850
8 309
3 646000
2 14000000
4 311
7 0
6 0
5 0
3 1910
8 0
5 113
6 681
3 792
7 0
2 7120000
4 696
2 8490000
8 0
6 0
7 314
5 110
3 1
4 0
4 6200
2 51000
7 0
8 313
5 0
6 323
3 210000
7 0
2 4
8 0
4 2140
5 406
7 314
3 778
2 3670000
6 0
4 0
2 84600
6 123
3 10600
7 0
8 4
5 0
4 332
3 0
6 0
5 332
2 505000
7 4
8 4
4 0
3 692
6 317
5 0
7 4
2 3400000
4 126000
8 4
6 0
5 7140
3 322
8 4
2 0
7 4
5 526
6 116
4 2150
3 561000
8 4
2 41200
7 4
6 0
3 0
5 0
8 4
6 338
7 4
4 1
2 693000
3 540
6 0
4 45800
2 517
7 4
3 22200
5 317
8 4
7 4
4 322
3 0
6 4
7 4
8 1
6 4
5 0
2 179000
3 334
4 12900
6 4
7 1
8 4
5 125
2 0
4 0
7 4
8 4
6 4
3 653
4 329
5 0
4 0
8 0
6 4
7 4
3 0
2 4600
5 318
4 320
5 13200
3 7210
8 4
6 4
7 4
2 2600000
4 2160
6 4
8 4
5 0
3 2440
8 0
7 0
6 6
2 1670000
3 765000
5 116
4 0
6 4
8 4
5 0
4 5130
3 12
8 4
6 1
2 18300000
5 24400
4 117
8 4
3 606000
2 0
6 4
5 0
4 0
3 656
2 398
7 20
6 4
8 4
5 4
4 16400
3 0
4 517
6 4
8 0
5 45
2 2480
7 4
6 4
3 126
3 3350
4 0
5 4
8 0
2 1200
6 0
7 4
8 4
7 0
6 39
3 368
2 0
5 4
4 5
3 0
7 4
2 48800000
5 4
4 2360
8 4
6 4
3 1200
7 4
3 118000
2 3350000
6 4
5 5
8 4
4 5
2 971000
5 4
6 0
7 4
4 451
3 127000
8 4
3 0
5 4
2 46
6 7
7 4
4 15
7 0
2 14300000
8 4
3 151
5 4
6 4
4 6
7 0
8 4
3 0
6 4
4 53
5 135
2 933
8 4
3 1620
2 8120
6 4
7 4
8 4
4 671
3 445000
5 4
6 4
7 4
2 18400000
4 4
8 4
7 4
2 0
5 4
3 539
7 4
6 0
8 4
3 0
4 428
5 1
2 1120
7 4
2 326000
6 0
8 4
7 4
3 731
5 345
4 4
2 7860
3 374
5 6
2 66
4 506000
6 4
8 4
7 4
3 141
6 4
7 4
4 4
2 548
8 4
5 4
3 14400
5 0
6 4
7 4
2 2820
8 4
3 131000
4 4
5 634
4 4
5 6
6 4
7 4
8 2
2 1800000
3 7
7 4
4 2
6 4
3 58000
8 4
5 4
2 103
2 765000
3 2190
6 4
5 4
4 8970
7 4
8 4
3 3070
6 4
7 4
8 4
2 483
3 115
4 13
8 4
5 612
6 4
7 4
2 454000
3 273000
2 25
4 137
8 4
6 4
5 1
2 109000
3 114
5 8
7 4
4 44
6 4
3 453
8 4
7 4
5 4
4 508
2 6670000
4 2990
6 4
3 1930000
8 4
2 9390
7 4
5 4
6 4
3 4630
8 4
4 1370
7 2
8 0
2 0
5 4
3 583
6 4
4 1310
8 30
7 4
2 720000
5 4
3 4
8 0
4 4
6 4
4 4
5 4
8 0
2 11500
7 4
3 485
5 0
6 4
4 193
3 1
8 0
5 384
7 4
2 135000
6 5
4 395
8 0
5 4
4 1000
2 94700
6 4
3 9
7 4
8 0
6 4
4 1040
5 4
2 1380000
7 4
3 211000
8 26
6 4
5 39
4 4
7 4
3 27
8 27
2 332
4 4
5 5
7 4
6 4
2 2670
4 33
8 0
7 4
5 4
3 954
6 4
8 0
4 79
3 201000
5 4
2 1360000
7 4
6 4
5 26
3 102
4 23
4 232
7 0
6 4
3 156000
5 4
8 29
2 137000
4 0
3 265000
8 0
2 2010000
4 4
7 30
6 4
5 4
3 36100
4 185
4 4
7 0
2 561000
3 4320
8 0
5 4
6 7
7 0
8 0
4 17
2 13100000
3 4
6 4
4 1240
5 4
7 27
8 28
3 4
2 4790
5 4
2 363000
8 0
6 4
3 4720
4 38
7 0
2 115000000
5 4
7 0
5 4
8 0
6 4
3 1120
4 4
2 173000
5 4
7 0
2 675
4 9
8 0
7 26
6 4
3 399000
5 4
7 30
2 853000
6 38
8 29
5 4
2 1770000
4 8
3 4480
7 0
8 0
2 117000
6 4
4 266
2 467
8 0
3 36800
7 31
5 4
6 4
4 7560
2 117000
6 0
7 0
5 295
3 8
4 12
2 91000
6 28
5 4
7 0
6 0
5 4
4 557
3 4
2 985
3 176
7 28
6 29
5 4
2 6880
4 10
6 0
7 0
2 850
5 4
3 426000
4 20
5 4
3 95
6 29
7 0
4 973
2 2170000
4 4
2 584000
7 28
6 0
3 399000
5 50
2 154000
6 0
7 0
4 141
3 10
6 0
7 0
5 4
2 11400
4 4
2 3060000
7 27
3 0
6 28
5 4
4 114
3 4
6 27
5 4
7 0
4 242
2 32900
3 15300
2 2900000
5 4
7 0
4 4
3 174000
6 31
5 4
2 6960000
6 0
4 4
7 32
5 4
3 476
2 13300000
5 4
4 4
6 30
3 20900
2 740000
5 4
4 783
3 422
6 0
5 4
4 4
6 0
2 85600
3 1810
2 9170
6 28
5 3
4 208
2 40900
4 5
3 34700
6 0
5 10
4 4
2 128000
6 27
3 1240
5 214
5 4
6 0
4 4
3 43
2 27400
5 912
4 4
6 30
3 613
2 10900
5 0
4 314
3 63
6 0
5 27
2 19200000
6 0
4 5140
5 0
6 30
4 6
5 27
2 834000
6 0
5 0
4 4
4 4
6 30
5 29
2 2410000
4 4
5 0
2 1080000
4 4
6 0
2 40900
6 29
5 31
4 105
5 0
6 0
2 1630
4 27
5 0
5 25
2 2820
4 4
4 4
5 28
2 2390000
5 32
2 73200
4 4
5 0
2 1090000
4 7
2 1080000
5 33
4 1320
5 0
2 300000
4 618
5 33
2 916000
5 0
4 772
2 1530000
5 35
4 2890
5 0
2 1040
4 4
4 89
2 56700
5 28
5 0
2 595
4 116
5 27
2 634000
4 9670
2 3930000
5 0
4 30
4 0
2 1760
5 51
2 1530000
5 0
4 29
5 27
4 33
2 243000
5 0
4 0
2 357000
5 152
4 26
2 29800000
5 51
4 1
2 1500000
5 0
2 207000
4 27
4 0
5 94
2 132000
4 25
5 0
2 22100
4 0
2 47000
2 13800
4 30
2 192
4 81
4 72
2 76600
2 177000
4 12900
2 30000
4 0
2 5550000
4 52
2 109000
4 0
4 34
2 198000
4 222
2 3000000
4 0
2 2270000
4 33
2 1290
2 250000
4 0
4 36400
2 6490000
4 82
2 270
4 0
2 21100
4 60
2 14400
4 34
4 0
2 24600
4 616
2 263000
4 0
2 42700
2 46500
4 50
2 761
4 0
2 154000
4 152
4 426
2 2450000
4 0
2 117000
4 30
2 260
4 4430
2 216000
4 0
2 4
2 1320000
2 994000
2 979
2 86600
2 4
2 2970
2 2820000
2 2390
2 158000
2 382000
2 409000
2 11100
2 123000
2 537000
2 185
2 5690
2 352
2 512000
2 6
2 795000
2 124000000
2 43800
2 116000
2 98
2 1850000
2 63
2 268000
2 150000
2 728000
2 84400
2 63200
2 3830000
2 526000
2 1300000
2 728000
2 8520000
2 5760
2 10700
2 805000
2 124000000
2 18400
2 52700
2 93
2 3730000
2 24000000
2 132
2 850
2 10600
2 1220000
2 3830000
2 4
2 11000000
2 3210000
2 974
2 60
2 4480
3 128000
3 7700
2 202000
2 275
3 16
2 16
2 46400
3 20300
2 811
3 11200
2 2340000
2 2
3 47000
2 1710
5 7660
8 318
6 560
2 9050000
4 138000
7 327
3 9400000
7 104
6 318
3 13700
8 103
7 317
4 323
2 147000
5 321
6 101
7 0
5 104
8 317
3 683
6 321
4 411
2 2240000
7 312
8 0
5 330
7 0
8 0
4 584
5 318
6 0
2 42900
3 5150
4 0
5 0
2 1500000
7 321
8 114
6 308
8 0
4 360
8 0
4 342
5 325
4 0
5 0
8 290
8 0
6 0
7 0
4 115
3 130000
5 113
2 12300
7 0
6 318
2 0
8 308
3 840
8 0
3 0
5 172
6 0
7 334
4 40000
2 76400
4 0
8 0
5 0
7 289
3 3020
6 114
2 1910000
5 115
6 0
7 0
3 7790
2 19900
8 34
5 0
7 0
8 0
3 995
2 0
6 358
8 0
6 0
7 309
3 134000
5 49900
8 0
6 321
2 127000
6 0
8 311
6 112
2 9200000
3 0
7 0
8 0
2 115000
6 0
8 0
5 320
7 329
3 10600
7 0
6 102
2 7080
3 137000
8 310
5 0
7 0
8 0
2 2280000
6 0
3 0
5 340
8 0
7 316
3 108000
2 14000
5 0
6 332
8 314
7 0
8 0
7 315
3 818
7 0
8 4
3 126
7 0
3 0
8 4
6 0
2 2080
5 113
3 4780
7 322
5 110
8 4
7 0
6 688
2 15600000
3 677000
5 0
6 0
7 0
3 1920
8 4
2 2
7 323
3 778
6 316
5 407
2 13300000
8 4
5 0
8 4
2 6950000
3 1
7 0
6 0
2 7030000
8 4
5 333
8 1
6 123
3 252000
6 0
8 4
5 0
3 780
3 10600
8 4
6 318
5 6990
7 4
3 0
8 0
6 0
2 51300
8 4
7 4
5 0
2 4
6 116
3 693
8 4
6 0
7 4
2 3340000
5 318
5 0
3 314
6 332
7 4
8 0
7 4
6 0
5 125
2 87500
3 579000
8 4
6 4
5 0
7 4
8 4
2 470000
6 4
5 327
3 0
6 4
5 13200
3 517
8 4
6 4
7 4
2 3840000
5 0
8 4
7 4
3 22300
6 4
2 0
3 0
8 0
7 1
6 4
5 116
3 336
8 0
5 0
6 4
7 4
3 652
3 0
6 6
8 4
5 24100
7 4
5 0
6 4
7 4
5 4
7 0
6 1
3 6980
8 4
6 4
3 2460
8 4
7 20
5 45
3 12
6 4
5 4
6 4
7 4
8 4
3 628000
5 4
6 4
7 4
8 4
5 4
8 4
6 0
5 5
8 4
5 4
6 39
3 664
3 0
6 4
7 0
8 4
5 4
8 4
6 4
5 4
7 4
3 126
6 0
8 4
5 131
3 3430
7 4
8 4
5 4
6 7
7 4
3 376
8 4
5 4
6 4
3 0
7 4
7 0
6 4
5 1
3 1180
8 4
7 0
8 4
3 115000
5 340
8 2
5 6
3 131000
8 4
3 0
5 4
5 0
3 151
6 4
8 4
3 0
6 4
8 4
5 641
7 4
6 0
3 1570
5 6
8 4
7 4
3 517000
5 4
7 4
8 4
5 4
7 4
8 4
3 537
3 0
8 4
7 4
5 615
3 734
3 379
3 142
5 1
7 4
3 14500
8 4
5 8
7 4
3 114000
8 0
5 4
3 7
7 4
8 27
5 4
7 4
3 56800
8 0
7 4
5 4
3 2240
8 0
5 4
7 4
8 0
3 3140
8 0
5 4
3 113
7 4
5 0
8 0
3 314000
7 4
7 4
8 26
5 388
3 113
8 29
5 4
3 444
7 4
8 0
5 4
8 0
5 39
3 2030000
8 31
5 5
3 4460
7 4
8 0
3 580
5 4
7 4
8 0
3 4
5 4
8 0
5 27
7 2
3 481
8 28
7 4
5 4
3 1
7 4
8 0
5 4
3 9
8 0
5 4
7 4
3 242000
8 0
7 4
3 27
5 4
8 31
8 0
5 4
7 4
3 967
8 0
5 4
3 203000
7 4
7 4
5 4
3 102
7 4
5 4
3 163000
5 4
7 4
3 272000
7 0
5 4
3 35400
5 4
7 28
7 0
5 293
3 4250
7 0
3 4
5 4
3 4
5 4
7 27
3 4640
5 4
7 0
5 4
3 1130
7 0
5 4
3 432000
7 0
3 4400
5 50
7 23
5 4
3 37000
5 4
3 8
7 30
7 0
5 4
3 4
7 31
3 175
5 4
7 0
5 4
3 450000
3 96
7 0
5 4
7 28
5 4
3 422000
5 4
7 0
7 0
5 4
3 10
5 4
7 28
3 0
7 0
5 10
7 0
3 4
5 214
7 27
3 15400
4 904
5 4
7 0
3 170000
4 121
5 901
7 0
3 471
5 0
4 0
7 29
5 27
4 8990
3 21000
5 0
3 420
4 954
5 27
3 1750
4 416
4 0
5 0
3 35900
4 531
5 26
3 1240
3 42
5 0
4 364
4 0
5 28
3 615
3 69
3 131000
4 311
3 7520
4 692
4 0
2 40400
3 16
5 0
2 694000
3 20400
4 6220
5 0
4 2150
2 509
3 11300
4 0
2 178000
5 25
3 47100
4 325
5 25
5 29
3 994
5 0
3 1080
5 30
3 14300
5 0
4 0
5 30
3 191000
4 129000
5 0
3 12
2 0
4 2120
5 33
4 2
2 4530
3 1640
5 0
2 2600000
3 36
4 46000
5 28
4 323
3 708
2 1670000
5 0
3 234
4 12700
2 17800000
5 27
4 0
5 0
3 83300
5 47
4 322
3 4
3 709
4 0
5 0
2 0
4 321
3 133000
5 27
2 391
4 2120
5 0
4 0
3 6
2 2390
4 117
2 1220
5 147
3 10100
2 0
4 0
5 51
3 4
4 16400
5 0
2 44200000
3 468
4 522
2 3360000
5 91
4 0
3 287
5 0
2 48
4 5
3 14
4 2330
2 17100000
4 5
3 4
2 930
4 454
3 2220
4 15
2 8120
3 142
3 31
4 6
2 16600000
4 52
3 1080
2 0
4 661
3 6
2 1140
4 4
3 7240
3 1000
4 425
2 329000
4 4
2 7850
3 4
2 66
3 4
4 533000
3 4
2 536
3 408000
2 2750
3 972
2 1880000
4 4
3 78100
2 101
4 4
3 5
2 474
2 454000
4 4
3 957
4 2
2 25
3 45
4 9070
2 115000
4 13
3 4
2 7190000
2 9670
4 138
6 0
3 1860
2 0
6 4
3 5060
3 3780
2 781000
6 4
4 43
6 4
4 513
2 11600
3 3610
6 4
4 2940
2 117000
3 35700
6 4
4 1390
3 3310
2 94200
6 4
3 7
4 1340
2 1470000
3 422000
6 4
4 4
2 330
6 4
4 4
3 1680
2 2720
6 4
4 199
6 4
6 4
2 1410000
3 21600
4 392
2 140000
6 4
3 63
6 4
4 998
2 2020000
6 4
3 696000
2 566000
4 1070
3 44
2 13300000
6 4
4 4
3 38
4 4
3 1150
4 33
3 0
6 5
2 4690
6 4
4 78
3 107000
2 385000
6 4
4 23
3 208
6 4
2 98800000
6 4
4 230
3 201000
4 0
6 4
2 214000
3 0
4 4
6 4
4 184
6 4
2 679
3 10800
4 4
6 4
2 913000
3 165
4 16
6 7
2 1940000
3 0
6 4
4 1260
2 118000
6 4
3 40
6 4
4 38
2 472
3 0
4 4
6 4
2 113000
4 9
6 37
2 90000
3 196
6 4
4 8
2 982
3 34
6 4
2 6660
4 266
3 1620
2 852
4 7580
3 143
4 12
2 2290000
6 0
3 171000
6 30
4 558
2 175000
4 10
3 129000
6 0
2 11500
4 20
3 244
6 27
2 3220000
4 968
3 133
6 0
3 9060
2 32500
4 4
2 3010000
3 0
4 141
6 27
2 7230000
3 1900
4 4
6 0
3 265000
2 12500000
4 115
6 0
3 0
4 245
2 678000
6 0
4 4
3 7790
2 95300
6 25
2 9510
6 27
4 4
3 1770
2 40200
3 0
6 31
4 4
2 128000
6 0
4 778
3 573000
2 28100
4 4
6 30
3 927
2 10700
6 0
4 203
3 3
2 21000000
6 0
3 109
4 5
6 30
2 890000
3 1570
4 4
6 0
2 2310000
3 0
4 4
4 4
6 27
2 1230000
3 645000
4 314
6 0
2 41100
3 0
3 99
6 27
2 1660
4 5060
3 1000
6 0
2 2790
4 6
3 0
6 0
4 4
2 2510000
2 72700
3 31800
4 4
6 27
2 1180000
6 0
3 3740
2 1230000
4 4
6 30
3 459000
2 317000
3 0
6 0
4 4
2 919000
6 29
3 93
4 108
2 1600000
4 27
6 0
3 24900
2 1020
2 57000
4 4
2 595
3 3130000
3 0
4 4
2 676000
4 4
2 4130000
4 7
2 1770
2 1600000
4 1310
2 383000
4 620
2 29700000
4 753
2 1600000
4 2870
4 4
2 207000
4 89
2 132000
2 22300
4 115
2 47600
4 9480
2 13800
4 30
4 0
2 201
4 29
2 70200
2 195000
4 30
2 30400
4 0
4 26
2 5830000
4 1
2 342000
2 205000
4 27
4 0
2 3210000
4 25
4 0
2 2410000
4 33
2 1300
4 79
2 256000
4 72
2 5460000
4 13100
4 0
4 51
4 0
4 38
2 271
4 223
2 20800
4 0
2 14500
4 30
2 298000
4 0
2 43000
4 35900
2 46100
4 82
2 767
2 153000
4 0
4 59
2 2570000
4 31
2 123000
4 0
4 614
2 257
4 0
2 225000
2 4
4 47
4 0
2 1310000
2 3280
6 0
4 8
8 0
7 0
3 9
5 0
7 2
2 521000
5 0
6 0
3 1680
4 46
3 0
8 0
7 0
2 38200
5 0
8 67
6 5
3 58
8 0
4 16800
2 43000
5 0
7 1
4 999
7 468
4 169
6 1
3 20900
8 4
2 1590000
4 1860
5 148
8 0
7 1
5 160
6 67
3 9470
3 224
2 409
8 0
7 8
4 399
5 584
2 722000
6 0
7 0
8 0
3 1470
2 65100000
6 1
5 174
4 1140
4 0
3 1660
6 9
8 0
7 0
2 40100
5 1380
5 18
3 1440
6 376
7 0
8 0
7 0
7 0
2 141000
5 0
8 0
6 51
3 156
2 1660
5 789
3 840
8 2
2 128000
2 1470
5 0
3 12800
7 0
3 6270
8 0
8 0
2 103000
5 0
5 1
7 27
2 17400
8 407
3 2640000
5 0
7 1
8 1
2 356000
8 0
5 0
3 1190
7 0
5 0
5 0
2 78400
8 27
7 0
3 748
3 1940
8 0
5 999
2 945000
5 7
7 425
2 55200
3 18600
8 0
8 0
5 726
7 245
8 0
7 7
3 62
2 106000
7 0
5 1150
8 1
2 1110000
3 624
7 0
7 2
5 0
5 424
8 21
2 5480000
8 0
3 81
3 3350
7 0
2 11300
5 1450
5 89
8 0
8 0
7 0
3 3820
7 2000
2 424000
8 0
3 52
2 123000
7 50
2 1330
8 0
7 166
2 458000
8 0
3 889
7 1
2 5930000
8 0
3 780
7 0
2 6580
3 0
8 0
3 224
7 2
3 39000
8 0
7 0
8 0
2 3370
3 8260
7 0
8 0
8 0
2 1630000
2 18500
3 5270
7 0
2 7610000
3 42900
8 0
7 0
2 370000
8 0
7 0
3 3050
3 130000
8 0
7 0
2 590000
7 2
2 39200000
8 0
3 1570
8 0
3 217
7 0
2 1580
8 0
7 0
3 4890
7 424
3 653
2 423000
8 171
3 560
7 0
3 15200
2 562000
3 532
8 0
8 28
3 28200
2 472000
7 0
8 0
2 2740000
3 18600
7 0
7 0
2 61
8 0
8 0
3 23700
2 288
7 0
8 272
8 0
7 0
3 61200
2 271000
8 0
8 0
3 568
2 41400
7 0
8 0
2 138000
7 0
3 22300
8 0
8 0
2 45600
3 2120
7 0
7 0
8 0
3 794000
2 20700000
7 476
2 143000
8 1140
3 616
7 0
8 187
2 6140000
2 2000000
7 0
3 106000
2 5500000
3 3770
8 0
4 266
2 2930
7 0
4 732
2 2740
3 2140
7 0
4 521
3 694
2 3120000
3 2390
7 344
4 594
2 115000
3 1000
7 0
2 37500
4 0
4 1670
3 1500
3 1460
7 0
2 190000
2 1320000
4 0
2 3640000
3 993
6 0
7 73
3 6570000
3 1960
4 7
2 370000
2 1690000
6 0
7 0
4 548
3 0
4 3560
7 0
2 3520000
6 56
3 23900
2 2040000
4 1
7 0
7 1
6 0
2 44100
3 1
7 0
2 47000000
4 27
7 1670
2 1600
7 1160
6 0
3 6540
4 2
7 0
2 700000
6 0
3 30000
4 2
3 206
6 283
6 6
2 562000
6 9
4 826
6 0
4 1590
6 421
3 170000
4 699
2 791000
4 494
3 7
6 935
6 1
2 765000
6 0
3 999
4 137
2 44700
6 122
3 36
4 17600
2 639000
6 0
5 992
3 1
4 0
2 126000
6 365
5 23
3 14
4 833
2 3770
4 1200
5 507
6 0
3 0
6 0
2 4160000
4 13000
5 0
3 26
6 1590
2 32900
4 123
5 564
2 4290000
4 7960
2 3260000
3 561
6 0
4 43
4 6
5 2
2 13400
3 127000
3 0
4 80
6 3
5 0
5 646
3 4750
2 2530
2 851
4 25
6 1990
2 22500
4 575
2 3550000
5 2070
2 1120000
5 0
3 417000
6 5
4 16
2 1630
5 274
2 283000
5 1090
6 0
3 676
4 4000
2 33800000
5 40
6 4
3 134000
6 0
4 7
6 0
2 2920
4 40600
3 30
5 1590
5 1
6 0
2 350000
2 567
3 199
4 2110
2 3880000
5 20
4 0
3 1190000
2 1960000
3 0
6 0
2 30500
5 348
5 0
4 1280
3 252
6 0
3 3
2 1140
5 0
4 6
5 0
6 0
3 2000
2 4150000
4 914
5 0
3 1070
6 0
4 46
2 1960000
6 0
5 0
4 7220
2 821000
4 0
6 0
6 0
3 1
5 0
3 22
4 6130
2 15900
6 0
5 77
3 3100
5 3
4 4
6 0
2 10300
3 11
5 2
4 1730
2 920
6 0
2 5600
3 41
5 147
5 0
4 1
4 6
6 0
6 0
2 5930000
3 40100
3 10
5 0
5 490
4 0
4 0
2 99100
6 0
6 1
3 1130
5 0
4 0
2 58
2 1950
3 2610
6 357
6 0
5 0
5 24
2 79000
3 33200
4 89
3 832
6 0
6 0
5 0
2 406
4 351
4 0
2 136000
3 129000
6 0
3 7940
5 0
3 10300
4 5150
2 406
4 221
5 4
6 921
3 124
2 43700
4 2
4 23
6 832
5 0
6 0
3 3100000
3 37
3 10100
2 12800000
4 0
6 0
5 891
5 0
3 2840
2 6270000
4 3
3 53
6 0
5 1650
3 12200
4 3
2 118000
4 499
2 469
6 11
6 2
5 2
3 1500000
6 0
5 0
4 0
2 267000
5 11300
3 1740
6 244
4 0
4 123
5 0
2 1750000
4 33
5 1060
5 18500
4 11
3 4990000
2 118000
6 96
5 0
4 0
3 2970
6 186
2 15100000
5 0
4 492
3 3820000
6 0
2 140000
3 110000
5 875
4 697
6 0
2 2370
2 249000
3 71
4 292
5 4
6 3
6 0
4 6600
3 76
2 58100
5 11
6 0
5 0
3 0
4 19
2 21
6 0
5 755
3 12700
2 14900
4 2060
6 1380
6 1420
5 0
3 2060
5 325
4 18
2 20000
6 211000
3 996
5 6
4 2
2 4710
6 0
3 53300
3 3390
5 883
5 0
4 0
2 4010000
2 695
3 23300
3 52600
5 21
5 150
4 924
2 103000
2 5510
3 309000
5 0
4 1510000
3 2
2 553
2 9540
5 29
4 63
5 0
4 2890
3 6670000
2 166000
3 795
4 20800
3 73700
5 0
2 791000
4 1040
4 28
5 1450
3 1380000
5 1440
2 124000
4 0
3 256
4 9550
5 206
5 0
2 422
3 78600
4 1360
5 107
2 7350000
3 1130
3 43
4 1010
4 86
4 2640
2 1010
2 820
3 154
4 38600
2 1090
3 6330
3 36000
4 0
2 1960000
2 3890
3 557
3 43
4 253
3 36000
4 1410
2 98900000
4 259
3 1190
2 632000
4 40400
3 929
2 64500
4 31
3 299
2 5930000
4 19
3 998000
2 293000
2 128000
4 999
2 542000
2 6080000
3 1460
4 202
3 1240
2 1640000
2 3280000
4 0
3 8920
4 996
2 1470000
3 511000
4 159
2 166
2 30200
2 130000
3 66600
4 1
4 770
4 1740
2 34800
4 17700
2 351000
4 1260
4 517000
2 35100
3 11000
3 4360
4 26
2 30400000
4 2070
2 36700
2 44100
2 16500000
2 1610
2 124000
2 3740000
2 2060000
2 27100
2 14500
2 329000
2 1730
2 863
2 7960000
2 1870000
2 25400
2 3130000
2 80300
2 371000
2 79100000
2 3600000
2 707000
2 29100000
2 13
2 841
2 21800000
2 21200000
2 1590000
2 1250000
2 33200
2 6140000
2 2120000
2 181000
2 706
2 9480
2 80700
2 272000
2 102000
2 209000
2 691
2 57600
2 118000
2 7570000
2 18900
2 4400
2 231000
2 9370
2 3020000
2 2330000
2 17400
2 954000
2 2950000
2 392000
2 26900
2 5640000
2 577000
7 6
3 190
5 527
4 7290
8 6
2 4070000
8 0
7 0
6 6
3 72
3 0
7 6
4 80
5 10
2 1380000
5 0
6 8
8 6
3 4400
7 0
6 0
4 69
5 2
2 3290000
8 0
5 6
3 1590
7 6
6 6
5 0
4 0
2 22100
8 6
4 2300
3 0
7 0
6 0
8 0
2 0
5 6
2 2590000
7 4
3 6710
4 7
6 6
8 0
6 0
5 11
5 0
4 0
3 27600
7 0
6 4
2 4650000
5 10
8 6
4 522
7 6
3 2470
4 6
2 1220000
6 8
5 494
5 0
6 0
8 0
3 1120
7 0
7 4
2 2
6 9
5 138
4 555
8 4
8 0
3 0
5 0
7 6
6 0
2 68000
5 10
4 0
7 0
7 6
3 70
8 6
3 10300
2 59700
4 2610
6 4
5 4
2 32600
7 0
5 6
8 0
2 22800
6 6
3 18900
7 0
4 858
5 0
8 0
6 0
2 3
4 0
8 6
8 0
7 6
5 19
2 6390
6 6
4 6
3 0
8 0
3 6
6 0
5 0
2 10600
7 0
3 158000
4 29700
7 0
8 6
3 5270
6 6
5 6
2 10200000
4 0
8 0
6 0
5 0
8 0
5 6
3 0
4 6
2 3350000
7 6
8 0
7 0
4 24
6 6
2 0
3 705
5 6
8 6
3 5220
4 6
7 4
6 0
7 0
8 0
5 0
2 196000
4 6
3 4
6 6
4 0
8 6
6 0
7 0
4 859
2 1530000
8 0
5 6
3 133000
2 634000
6 6
4 167
7 6
2 146000
8 0
5 0
6 0
3 262
7 0
2 59
8 6
3 143
6 4
3 4
7 6
2 130000
7 0
8 0
5 6
4 0
7 6
4 17
6 0
3 112000
4 6
2 43800
8 6
5 11
7 0
8 4
6 0
3 955
4 0
2 11600
5 0
8 0
7 6
6 22
8 6
4 29
2 92600
3 0
6 36
5 3
5 0
8 0
5 6
2 172000
3 1080000
7 0
6 0
4 6
6 3970
8 5
2 8480000
4 0
6 0
5 0
7 6
3 8
4 6
5 167
4 6
8 0
2 707
7 4
6 6
6 0
3 36400
5 160
4 0
2 14300
8 0
8 4
7 6
7 0
6 6
6 6
3 0
5 0
2 9
4 7
8 0
3 102000
5 4650
8 0
7 6
6 0
2 1510000
4 1520
4 0
5 0
3 34
8 0
7 0
7 0
6 6
2 3650000
6 6
4 4
5 6
3 23400
8 4
5 8
6 6
7 5
7 0
4 564
3 1
2 1330000
5 0
2 553
3 6
4 0
7 4
2 82
4 6
8 0
6 0
5 23
8 4
7 0
3 88
2 1540000
7 5
4 0
6 6
7 0
8 0
6 0
5 6
4 33700
3 1710
4 3470
2 548000
3 0
4 377
7 0
5 0
8 3
6 5
6 0
2 2260
6 5
3 6
7 4
4 0
6 0
8 0
5 6
3 409
5 4
2 1380000
2 0
7 0
4 6
6 4
6 0
8 0
3 36600
5 62
2 3560
7 4
4 222000
2 2310000
6 997
3 0
8 3
6 0
8 0
5 6
4 0
7 0
7 3
3 1720
2 167000
3 8890
3 3610
8 0
6 4
5 0
6 0
4 41
7 0
3 0
8 0
2 2640
2 3620000
6 4
5 6
4 43
7 4
7 0
8 3
3 7
6 0
5 0
2 2
4 0
8 0
7 3
3 56
5 5
6 4
2 719
5 5
4 26
3 0
7 0
8 0
6 0
3 119000
2 15
3 289000
4 3670
5 0
7 0
8 0
6 3
2 48
2 7
4 38
5 5
3 1
7 0
8 4
6 8
4 0
2 436000
3 305
5 34
2 26000
8 0
7 2
2 107000
6 0
5 0
3 3480000
4 83
8 0
7 0
6 4
2 0
3 0
5 4
4 6
5 0
7 4
6 0
2 1280000
5 4
3 752
4 37
8 4
8 0
2 19800
6 3
7 0
5 0
3 2200
4 82
3 561
7 0
2 121000
8 0
6 0
5 0
7 4
8 4
4 6
6 0
5 4
8 0
4 0
7 0
2 1420000
3 519
2 282000
3 0
6 3
6 0
5 4
8 0
2 1
6 4
7 4
4 6
6 0
3 1080
5 0
7 0
4 428
2 211
7 0
6 4
5 4
4 0
2 3970
7 4
3 2720000
7 0
6 0
5 0
2 0
4 6
5 4
3 503
2 4980000
7 4
6 4
4 5
5 3
3 2250000
7 0
6 0
4 111000
3 0
5 12
2 33800000
3 679
7 0
6 4
4 0
2 5300000
3 875
5 0
6 0
3 21
7 4
5 95
6 4
4 5
7 3
2 1060
7 4
5 0
3 143000
4 0
7 0
2 6290000
3 15000
5 4
3 138
4 11200
6 0
4 4
7 4
7 0
5 4
2 3160
3 6290
4 0
6 4
5 0
7 4
2 3910000
3 0
6 0
5 0
7 4
2 26500
5 4
7 4
3 9
4 7
4 0
6 4
4 4
6 0
4 0
2 0
7 0
5 0
3 51400
4 5
2 298000
7 0
3 8560
5 3
4 4
2 12900
3 0
5 6
7 4
2 21800
4 0
5 0
3 32
3 10
7 0
2 6
4 4
5 4
7 0
3 2180000
2 4620
4 7
3 1
4 361
5 0
5 4
7 5
2 959000
3 18400
4 0
5 0
7 0
2 6520000
2 173000
4 9
3 104
2 7080000
5 108
7 4
3 2800
2 0
7 0
5 6
4 3
3 38500
5 0
7 4
2 958000
3 0
4 21
7 0
5 4
2 986000
4 0
3 50700
3 993
5 0
7 0
2 58
4 625
3 4
5 4
2 7240
7 4
2 56400
4 4
2 710000
3 0
5 0
7 0
4 0
2 677000
5 4
3 346000
3 19800
7 0
4 4
5 4
2 45100
3 0
7 4
3 4
4 5
5 0
2 0
7 0
4 0
3 148
2 6360000
4 146
5 6
7 4
3 0
4 0
5 0
2 21700
2 893000
3 106
2 554000
4 4
5 4
5 4
2 5
4 0
5 0
2 12600
5 4
4 470
5 306
5 4
4 4910
3 873
2 82000
2 11800
2 122000
3 4
5 4
4 5
2 3560000
3 0
5 0
4 0
3 4
3 21700
2 6000000
3 13
4 6
5 4
4 652
2 1
3 0
5 0
4 0
5 53
4 21
2 3150
2 10600
3 8750
4 0
5 4
5 4
3 52
2 0
4 123000
5 4
2 350000
3 165
3 10100
4 360
5 0
2 3070
2 426
3 103000
4 13
3 0
2 61
4 0
3 1960000
5 8530
3 3270
2 184000
4 4
5 4
3 2710
5 0
4 0
2 731000
4 4
2 144000
8 4
2 1390000
5 52
3 2
4 15
2 0
8 3
8 0
5 0
3 1000
3 3490
4 0
2 3310
8 4
5 4
8 0
3 5
2 31
4 8
2 5670
5 0
3 0
8 4
4 148
4 0
2 0
4 4
3 996
5 5
8 4
2 6120
4 121000
8 0
3 0
2 5
5 0
2 288000
3 17
4 0
5 4
8 4
2 0
3 1350
4 4
4 5
8 0
5 6
3 0
2 222
4 0
8 0
2 5720000
5 0
3 889
5 16
8 4
4 4
2 31900
3 19900
5 0
2 8260000
3 0
5 1550
8 0
2 16
4 377
5 4
3 37100
2 135000
8 0
8 0
4 865
3 777
5 0
2 10100
8 4
6 13
2 2710
4 51
4 60
2 730000
2 2550000
8 0
6 0
5 4
2 328
4 0
3 14100
6 4
8 4
2 404000
8 0
5 0
8 0
3 0
4 96
3 18500000
4 4
6 0
2 10600000
8 0
5 4
6 5
2 2580000
3 644
4 216
3 16000
5 0
8 4
4 0
2 3310000
6 5
3 0
8 0
5 79
8 0
6 4
4 76
5 0
2 251000
4 4
3 2740000
2 55
4 984
6 0
5 4
3 767
2 6200
6 4
4 4
5 4
3 2470
5 0
4 0
2 130000
4 193000
3 0
6 0
3 19
2 137000
4 5
6 4
4 0
3 61
2 123000
2 0
4 4
6 4
3 368
2 1460000
4 0
6 4
3 0
2 595000
6 0
3 22
4 4
2 0
3 1000
4 4
4 0
2 2600000
6 5
6 0
2 122000
3 278
3 0
4 12000
2 1900000
6 8
4 0
3 1460
4 8
4 1480
6 0
2 0
4 0
2 7140
6 4
3 57
6 0
3 0
4 19
6 4
6 0
3 4
2 327000
4 4
2 3770
6 6
3 617000
6 0
3 798000
4 0
2 0
3 0
4 865000
2 12500000
6 4
3 4
4 4
6 0
2 12900
6 752
3 6040
4 0
2 1700000
6 0
3 59
2 1640000
4 4
2 0
3 0
6 4
2 26300000
6 0
4 0
3 922
2 153000
3 116000
6 3
4 132
3 378
2 2340000
3 6000
4 3
6 0
3 4960
3 5330
4 0
2 330000
6 0
3 0
4 969
4 651
2 26
6 4
3 861
4 0
2 6200000
6 0
3 14300
3 19
4 140
2 2430000
4 1050
2 1130000
4 0
3 0
2 20700
3 43200
3 144
2 0
2 517
3 50
3 4
2 2740
2 121000
3 5300
2 3790000
2 0
3 5
2 781
3 13
2 80100
3 0
2 35300
3 556000
2 0
3 2950
2 1560000
3 7200
2 537000
2 85100
3 0
3 40100
3 785
2 3930
2 0
3 0
2 359000
3 344
2 34400
3 230
2 13800000
3 0
2 7120000
3 2160
2 0
2 5
3 82300
7 58
4 759
6 58
5 80
8 47
3 773
2 1610000
6 47
7 54
5 47
4 47
8 54
6 54
2 142000
5 54
7 54
3 645
4 54
8 14
6 14
2 97
7 14
5 54
4 54
3 54
8 24
2 776
6 24
7 24
5 14
4 109
3 124
8 24
4 51
6 25
7 24
2 1110
5 24
8 24
3 764
4 37
5 878
7 24
2 2920000
3 123000
4 94
8 21
5 24
6 24
5 24
4 35
8 22
8 0
5 934
4 31
6 24
3 473
4 118
6 21
7 21
2 11600000
5 21
8 15
4 71
7 22
6 22
3 976
5 22
8 6
2 851000
4 870
7 0
6 22
3 5750
2 474000
4 97
6 3
7 15
8 6
5 22
3 1440
2 10300
6 112
5 3
3 1860
4 23
7 9
5 17
2 135000
6 9
8 6
4 100
3 1350
2 150000
6 6
3 973
4 541
8 4
7 6
2 106000
6 6
6 6
5 18
8 13
4 15
2 278000
3 141
7 6
2 140000
5 6
8 13
6 1
4 23900
3 5640
5 6
2 978000
6 4
3 1040000
7 0
4 477
8 12
2 116000
5 6
3 1310
6 13
7 4
4 12
5 6
8 12
2 946
6 13
4 6
7 13
3 9390
8 12
5 2
6 29
2 11800000
8 12
4 6
5 8
3 117
6 12
2 1580
8 0
2 15900000
5 63
6 12
4 148
3 647
2 13400
3 23
6 25
7 13
5 13
8 6
7 12
5 22
6 12
2 179000
3 641
4 6
8 6
7 12
6 0
4 2320
7 12
3 15
8 13
5 307
2 15400
6 26
8 15
4 389
4 4
6 15
5 846
3 94400
7 12
8 13
2 29700
3 5560
5 12
7 15
6 6
8 11
4 29
2 116000
8 11
2 258000
3 28
2 4830000
4 13
7 13
6 0
3 95
4 74
8 0
2 18600
5 12
3 60
8 0
2 617
4 737
7 6
6 13
4 1450
2 2660000
5 478
8 7
7 6
3 2890
4 15
5 12
6 17
3 360
2 610000
6 13
7 0
8 8
5 15
4 12
3 14
4 12
2 1710000
7 14
5 0
8 4
6 0
3 118000
6 11
8 0
7 13
4 6760
2 14300
2 174
6 11
4 12
6 3360
4 22
2 8510
5 19
4 15
8 6
7 0
3 559
6 150
2 130000
4 0
8 6
3 6960
7 11
5 25
6 0
5 6
4 253
2 15700
8 6
7 11
3 13
5 0
6 0
2 196000
4 834
5 13
4 30
6 7
8 6
3 578000
2 1810000
7 0
4 6
2 22000
5 15
7 0
3 5660
6 9
5 83
8 6
5 13
8 6
5 3
5 11
8 2890
2 136
4 6
6 42
7 6
3 14
5 12
2 3840000
8 6
3 27300
4 516
7 8
4 27
5 2720
6 4
3 15
2 12800000
8 6
3 159000
2 453000
2 769000
5 463
7 4
3 1470
8 1880
4 669
6 770
5 74
2 20500
3 982
8 10
7 24
4 13
7 0
3 1310
4 27
8 6
6 0
2 198000
6 6
7 6
2 1290000
7 6
6 8
2 41900
6 5460
3 39
7 5460
5 0
3 7590
8 0
5 0
6 6
4 6690
2 329
7 6
3 1570
6 6
8 6
5 6
4 11
7 6
5 49
8 6
3 4350
6 6
2 24700
8 2490
3 47
5 9
4 22
7 6
3 2220
4 7610
2 415000
5 4
6 386
8 0
2 6880
5 5
4 3060000
8 6
4 953
4 38
3 501
4 23100
3 123000
8 6
4 8
2 22600000
5 698
3 2740
8 0
6 7
3 14400
2 874000
4 8
5 1
8 3
6 6
2 3400000
4 7
5 11
4 40500
6 6
3 219000
2 3620
8 6
4 9
8 6
2 25000
6 7
3 44700
6 6
6 6
3 6
8 6
2 10300
3 5230
6 33
4 1510
3 454
2 1180
4 96
6 80
8 6
2 28900
6 0
4 303
3 3690
8 6
6 6
8 6
4 917
5 6
3 27
6 72
4 1
8 6
2 6350
5 6
4 506
2 38400
3 11400
8 0
5 220000
6 6
6 7
8 6
8 7
6 5920
8 3
3 16500
4 6
2 1710000
5 81
6 6
3 51
4 28
8 6
6 6
2 1570000
5 7
6 20
3 4210
8 0
4 108
2 925000
6 6
5 6
3 2090
2 51700
8 0
4 1240
5 6
3 31800
6 3
4 3480
2 10200
8 6
5 6
6 3
4 6
6 6
8 6
3 15
4 20
5 7
2 160000
4 6
8 6
3 2390
6 6
4 87
5 6
2 195000
6 6
3 12500
5 142
8 0
4 6
2 10500
3 3750000
6 6
8 6
4 668
5 7
2 116000
4 22000
3 137000
8 0
6 6
2 506000
5 18
8 6
6 117
2 204000
4 34
5 122
3 59600
6 6
5 6
8 6
4 197
4 8
6 6
5 43
8 6
4 5160
2 30500
3 484000
5 151
6 528
8 6
4 6
3 111
6 6
2 2110
5 6
8 0
3 38900
4 6230000
5 0
3 999
2 213000
8 6
6 6
3 511
5 523
4 6
3 673
8 6
6 6
2 53400
5 292
4 440
8 0
3 10300
8 6
4 11600
3 261000
6 6
4 12000
8 6
5 6
2 304000
3 486
4 367
2 24100
3 11300
8 0
5 7
6 7
3 113000
6 3
8 6
5 11600
4 0
2 5170000
3 1550
6 6
2 499000
8 6
4 523
5 682
3 5280
2 551
8 3
4 852
3 89100
6 6
2 890000
4 117
6 3
2 1270000
5 0
8 3
3 1630
4 376
2 281000
3 65
6 0
8 3
5 7
2 86000
6 12
4 7
3 148000
5 739
8 0
6 6
3 606
4 13500
2 3590000
5 27
8 6
6 7
2 12200
3 23
5 2230
8 6
2 416000
8 3
2 127000
8 6
4 7150
3 1240
6 6
2 22800000
5 0
4 6
8 7
2 18500000
5 3
3 5650
6 6
8 0
4 0
6 0
5 8
3 425000
2 737000
8 6
4 6420
3 1480
5 181
6 6
2 1780000
4 7680
8 6
2 886000
8 0
4 473
6 0
3 843000
2 10000000
4 1120
5 7
8 28
6 6
3 11
4 182000
6 96
5 6
2 1740
8 6
3 742
4 17
2 527000
8 3
6 41
3 13
5 6
4 3
2 15900
8 6
6 6
3 32
8 0
4 471
5 6
2 2780000
3 468
2 124000
3 33
3 657000
2 271
5 6900
4 149
3 7180
8 6
2 6020000
4 1300
8 6
3 1280
5 7
8 0
3 362
4 1500
5 6
2 10600000
3 21300
8 3
4 6
5 6
8 4
2 5210000
3 72
6 7
5 27
4 217
2 1930
3 7
8 0
6 7
3 103000
2 1420000
8 6
3 6
6 0
2 410000
4 6
5 53
6 6
3 6530
4 6
2 147000000
8 6
6 6
4 5010000
5 6
3 46
8 0
2 17300
8 6
5 6
6 6
3 2260
2 47200000
4 9
3 1740
6 0
5 6
2 46100
4 82
8 0
8 6
2 8140000
8 3
3 1660000
5 34
6 6
8 6
2 2200000
4 2740
3 578
5 33
2 3700000
6 6
8 0
4 596
5 3
3 12300
2 27700
6 18
8 7
5 66
4 981
2 1500000
6 0
3 10200
5 6
4 459
2 4440000
2 348000
4 24
5 0
2 724000
4 0
3 0
6 6
2 1150
4 6
5 3
3 105
6 6
3 5500
2 36400
6 3
4 8
5 0
2 7370000
3 528000
6 3
5 151
4 79
7 512
2 499000
6 3
5 6
3 60400
4 7
6 3
2 13800000
3 66
5 8
6 6
2 18800
3 301000
4 11
6 0
2 52100000
3 7
7 6
4 7
5 6
8 3
2 4750000
3 169
5 6
4 126
7 6
6 14
8 15
7 7
5 0
4 6
6 64
2 13200
3 141000
8 3
4 0
7 6
5 6
3 143000
6 6
2 620000
6 24
8 0
5 6
4 8
7 23
3 83
5 0
6 6
4 83
8 3
3 18
7 0
6 6
5 87
4 101
8 6
2 1480
6 49
7 6
3 1170
5 141
4 667
7 6
6 3
8 0
5 6
2 2640
3 28900
4 6
7 6
6 6
8 6
5 643
3 29900
2 33900
4 6
6 6
8 6
2 12800
3 14900
7 119
5 7
4 19200
3 4820
2 2810000
7 6
6 6
5 7
4 17
7 0
2 5590
4 6
5 19
3 3580000
6 0
8 6
4 48
7 6
5 6
2 15600000
3 6220
6 754
7 6
4 14600
8 7
2 2060000
5 0
6 6
3 584
7 0
8 7
4 6
2 67500
6 0
3 41
5 6
7 6
8 7
4 6
3 588
7 6
6 13
5 6
2 1100000
4 0
7 6
3 326
6 7
5 6
2 139000
4 3390
2 28900000
8 552
4 6
3 135000
5 7
6 6
7 6
8 1
2 617000
3 656000
6 0
5 0
4 2340
7 6
8 9
2 228000
8 5
2 2170
6 6
3 145000
4 12
5 12
2 1200
8 49
6 6
5 96
3 26
7 6
4 86600
2 1510000
6 46
4 26
3 643000
7 6
5 0
2 42800
8 10
6 0
3 46
4 140
7 6
2 151000
5 12
8 3
3 116
7 0
4 22
2 12600000
6 3
5 10
6 10
8 10
7 10
2 1030000
4 10
5 23
3 205
6 17
7 17
2 176
4 1470
8 17
5 126
8 1
3 31200
2 19900000
7 1
6 31
6 1
2 290000
4 19
6 0
8 0
7 22
3 41
5 649
2 219000
4 548
7 0
6 22
8 22
3 5840
5 1
5 0
6 1
7 1
3 559000
4 4210
6 476
5 22
7 74
4 1
3 1
8 1
7 0
6 0
8 0
3 29000
4 22
5 1360
7 22
5 1
2 1740000
4 0
7 0
8 22
6 22
2 4930000
7 0
4 44
3 974
8 0
2 9930000
6 22
5 0
4 106000
8 0
3 0
2 2
6 11
7 23
5 22
4 1
6 0
3 147
8 0
5 22
7 0
3 443000
8 22
4 421
8 6
6 23
2 6390000
5 22
7 21
4 0
3 1
8 0
6 0
5 0
2 1830
7 19
4 22
3 50600
8 0
7 0
6 6
2 1080
5 12
4 22
3 1530
8 1
3 0
6 0
7 0
2 0
5 0
3 26
6 23
5 23
7 1
2 396000
8 8
6 0
3 107000
8 1
7 8
2 2940
5 0
8 0
3 71
6 1
7 1
2 2250000
5 6
8 0
3 18800
6 8
8 0
2 1
7 0
3 991
8 0
3 11
2 166000
7 8
5 33
3 620
8 19
2 149000
7 0
6 32
5 0
7 0
8 17
2 432000
3 944
5 0
6 1
3 0
8 0
2 0
7 19
5 1
6 0
7 0
3 28400
2 26
8 0
5 3920
6 0
7 17
6 26
2 3710000
3 16000
7 0
6 0
2 124000
3 699
5 9
7 25
6 51
3 1000
2 8790
7 0
6 0
5 1
3 6
2 13800000
7 17
5 27
6 28
2 4450000
3 19
7 6
5 0
6 17
3 0
2 149000
6 0
5 0
7 1
3 11300
2 137000
6 0
5 636
3 0
7 22
2 2
5 23
6 24
7 0
3 878
2 133000
6 17
7 1
3 43100
6 23
2 5280
5 0
7 0
3 2
5 19
6 20
7 23
3 30300
2 3280
5 0
6 1
2 46
3 16500
5 142
7 1
6 37
7 0
5 17
6 0
2 2380000
3 34700
5 0
6 1
7 1
3 1
2 5060
5 25
7 22
5 0
3 7650
2 350000
6 83
7 3070
3 0
2 533000
5 57
6 0
7 0
3 12
2 1170
5 30
6 1
7 22
6 0
2 126000
5 24
6 49
7 0
3 17
5 6
2 1910
6 1
7 17
5 1
3 0
2 52200
6 22
5 22
3 139000
2 84000
6 4300
3 137000
7 22
2 0
7 19
3 1770
5 75
6 34300
2 746000
7 0
3 0
5 0
3 73400
6 22
5 1
7 1
3 0
6 0
2 0
7 21
5 4710
6 22
3 1220
2 14400
7 0
6 31
5 0
2 4
3 21500
7 0
6 22
5 23
5 1
2 1290000
3 63
7 0
5 36
6 19
6 0
2 128000
3 626
5 0
6 12
7 0
5 1
3 0
6 1
2 1110000
5 70
6 1
2 133000
3 304
5 32800
3 0
2 1
6 366
3 704
7 0
5 46100
6 0
2 147000
5 22
6 16
3 1230000
7 17
7 29
5 7090
3 3900
6 1
7 0
4 1510
5 0
3 76600
6 0
5 31
4 69
7 6
3 137000
6 24
2 1060
4 0
5 382
7 16
3 1000
2 0
6 68300
3 377
4 23
5 26
7 21
3 1
4 1
2 521
6 63
3 205
7 0
4 23
5 6
6 0
2 19
3 2530
7 0
4 0
5 3
7 6
2 41
6 22
3 1
5 0
4 26
7 0
6 0
2 0
3 999
4 6
5 12
7 0
2 14800000
3 1
6 56
5 1
4 1070
7 21
4 0
2 201000
3 516
6 6
7 0
5 21
4 142
6 16
3 1450000
2 7280000
7 0
8 1
5 1
3 29400
4 0
6 21
2 1
7 0
8 6
5 3240
3 8
5 0
6 0
8 1
2 93300
4 400
4 1
2 1370000
7 21
3 526000
6 0
5 0
4 65200
8 22
3 1
7 0
2 117000
3 67400
6 6
8 0
7 0
5 2840000
4 464
3 0
2 0
7 0
8 1
6 68
2 49
6 0
5 0
8 0
7 21
4 991
6 0
3 880000
4 1
8 1
7 16
5 22
2 663000
6 22
4 936
7 1
2 237000
8 0
3 11100
6 0
5 1550000
4 0
3 1
7 0
8 1
2 20200
6 0
5 0
2 192000
5 22
8 22
6 21
7 0
4 8
6 0
8 26
2 6540
5 517
4 0
7 19
3 1750
5 0
5 124
8 0
2 0
6 0
7 0
4 4320
3 131000
5 16
2 335
4 873
6 21
7 20
3 11100
5 21
6 0
4 0
2 250
8 0
7 0
5 0
3 783000
6 0
4 531
2 170000
3 0
7 0
5 67
8 17
6 21
4 0
7 6
3 52
2 366000
5 0
4 19
8 22
6 16
7 0
2 46300
3 452000
6 1
3 0
2 58200000
6 11
6 0
5 6
4 640
7 3180
4 24
3 290
2 160000
8 19
7 0
5 2910
4 25
2 43100
3 8240
8 0
6 0
7 0
5 0
6 20
4 0
3 49100
2 54900
7 0
8 1
3 390000
4 25
2 103000
6 20
5 509
8 1
7 22
3 1540
4 0
5 0
2 1
6 0
5 28100
7 0
3 19
6 0
2 334
3 22
5 0
5 0
7 0
8 16
4 100
2 19900000
6 23
7 0
3 0
6 0
8 0
7 12
4 5
5 21
2 1960000
3 372
5 0
8 0
2 279000
4 2300
3 1
6 20
7 880
6 0
5 21
7 22
3 22
2 1100
4 332
5 0
6 326
4 6
3 1
7 0
8 0
4 60
2 920000
6 0
5 21
3 742
7 0
6 0
4 1
7 0
5 0
8 23
2 114000
6 26
4 7620
3 21700000
7 22
5 6210
8 22
2 7770000
3 42000
6 0
4 1390
5 0
7 0
3 0
6 24
2 1
4 0
8 0
6 0
5 21
3 18
2 745000
7 0
4 31
6 0
5 16
8 6
3 75
7 22
3 1
8 16
4 1
2 485
6 22
7 0
4 630
5 1
5 12
7 5
8 0
4 0
2 184000
3 61100
5 0
6 0
4 579
7 0
8 21
3 5500
2 17700000
4 1
7 0
8 0
3 13
4 38
6 15
2 654
5 25
8 0
7 23
3 1180
5 0
4 0
2 3720
6 22
4 38800
7 0
8 21
3 193000
6 0
5 13
2 128000
5 20
4 1
3 4710000
7 0
8 0
6 0
5 0
2 4240000
4 538
2 10
4 973
3 292000
8 0
6 22
5 21
4 1250
7 0
2 15300000
7 22
8 0
5 0
6 0
3 0
4 719000
2 417
7 0
2 417000
8 0
5 22
6 34
4 0
7 0
3 61
6 0
8 0
5 0
2 132000
2 129000
7 16
4 22
3 24800
2 3800000
6 0
5 20
8 0
8 0
3 2
4 10
2 888000
7 12
4 103000
5 0
6 22
8 21
7 16
2 5
3 15800
6 0
5 22
4 571
2 3280
3 151
7 0
5 0
4 3200
6 5
8 16
4 311
7 0
2 81
3 1140000
6 0
5 24
2 10100000
8 0
4 735
7 0
3 30
2 103000
6 0
5 0
8 0
4 19
5 26
2 273000
8 0
6 0
4 85
3 35
5 0
7 21
6 23
4 0
3 21
5 214
7 0
8 20
2 650000
6 0
4 756
8 0
7 6
6 0
2 4130000
5 0
4 1
8 0
2 21100000
4 21
2 1110000
7 14
8 0
6 21
4 0
2 93600
3 24100
7 0
3 0
6 0
5 0
8 20
3 7820
4 6410000
3 498
7 22
8 0
6 0
2 28
5 22
7 15
4 0
6 0
8 0
5 0
7 22
2 119000
4 34
3 0
6 22
8 0
2 0
5 12
8 0
3 2020
6 12
7 29
4 16
8 22
5 473000
2 746
3 6
6 16
8 0
5 2650
4 1
7 1
2 262000
3 16500
6 21
7 17
2 3780000
6 0
6 0
8 0
7 0
3 34700
5 26
2 1
3 19
4 5920
2 447
6 0
2 1860
6 24
8 0
7 0
5 0
3 186
8 15
4 12
3 12500
3 0
6 0
5 22
7 21
8 22
2 0
4 30
4 0
5 0
8 0
6 21
7 0
2 14800
3 4940
4 23
5 0
8 0
6 26
7 0
2 15400000
3 218000
6 14
6 0
4 303
8 0
5 22
6 22
4 0
7 21
3 28200
2 10400000
7 0
5 0
6 15
8 22
4 11
2 70
3 0
7 15
7 15
8 0
5 6
3 95
4 21
2 3850
7 21
6 25
8 0
5 22
3 0
2 39
4 16
6 16
2 3310000
7 0
8 0
4 21
6 22
3 4250
4 0
6 1
2 51
7 0
5 0
4 710
3 613000
5 25
8 5
2 5730000
6 25
4 27
7 0
6 0
3 5
5 0
8 0
4 0
7 0
2 378000
6 21
3 23
2 33200000
6 0
5 5
3 222
8 0
7 22
4 6
2 333
6 19
4 5580
7 12
7 0
2 149000
8 9
3 20900
4 76
6 0
3 1650000
7 0
2 5110000
8 0
5 25
4 0
3 9
6 2
4 51
7 6
8 0
5 0
2 1020
8 0
3 0
6 0
4 462
7 0
2 0
5 2
4 0
6 40
6 0
7 6
8 6
2 3770
5 2
3 61
6 6
4 951
4 0
7 7
8 6
7 0
8 0
2 64
5 0
2 635
3 2
6 7
4 1640000
8 5
7 5
8 0
7 0
5 97
6 0
2 792000
3 0
5 0
2 3290
3 129
4 176
8 0
5 9
6 2
7 0
2 18600
2 22700
3 5570
4 6
4 33
8 0
5 6
7 1
6 5
5 6
6 0
2 41
3 28700
4 7
7 0
5 0
8 5
6 0
6 1
3 0
6 0
2 3270000
7 0
5 2
8 0
5 41
6 5
3 1670000
5 0
2 9130000
5 5
4 0
7 5
8 0
7 2
6 0
3 98900
4 146
5 0
2 750000
6 2
7 0
8 0
2 64900
2 1110000
3 6
4 309
5 150
6 1
8 5
7 5
6 0
7 0
4 0
3 9520
2 149000
6 5
8 0
4 25
6 0
5 0
2 99500
3 34
4 0
7 0
6 5
8 0
6 0
3 20900
6 5
2 0
5 5
4 6
7 5
8 0
3 0
7 0
4 373
2 487000
8 5
6 0
4 0
5 0
3 2760
6 0
7 0
8 0
4 8
2 6420000
5 164
2 184000
3 350
8 0
3 7790
6 5
7 5
5 113
4 10
2 12000000
3 225000
8 5
8 5
6 0
4 0
7 0
5 90
4 2
2 9130000
3 0
7 10
5 0
6 5
8 5
4 6
2 0
3 81
3 570
7 5
6 5
4 59
5 9
8 0
2 3670
3 0
2 4600
7 5
5 0
4 0
3 8
6 15
6 5
8 4
2 0
7 5
3 0
4 30
5 11
5 0
3 3710
8 0
6 5
5 5
6 0
2 13000
5 5
7 0
4 72
7 4
4 0
8 0
3 599
4 1420
4 0
5 0
6 4
4 36
2 86400
2 120000
7 5
8 0
3 25
6 5
4 2490
5 5
4 0
2 0
8 0
3 0
7 0
5 0
4 11
6 5
3 3520
2 121000
7 0
4 0
6 0
5 19
8 5
2 638000
3 3850
7 5
6 0
5 0
4 5
3 19
8 0
2 1370
7 0
7 5
4 0
6 5
5 52
2 40400
3 106000
8 5
7 0
8 0
6 0
5 5
4 7
3 0
2 139000
8 0
6 5
5 28
5 99
4 400
5 18
7 0
2 0
5 5
3 18800
3 18100
6 0
8 5
3 613
7 5
2 490000
2 136000
5 0
5 4
8 0
3 0
5 12
6 5
6 0
7 0
2 13200
2 86400
5 5
8 0
3 175
7 25
3 474000
2 189000
5 0
8 2
6 5
7 0
3 134
2 5110000
2 24500
2 14
6 0
5 5
8 0
2 1520000
7 5
3 10
6 250
5 0
8 9
2 15100000
2 28200
7 0
6 0
3 1030000
8 0
2 208000
5 5
7 9
5 0
3 133000
6 5
2 33
8 8
2 126000
6 0
5 6
3 8510
8 8
2 47400000
5 0
3 0
6 8
6 9
5 539
3 61300
3 15
8 0
2 239000
6 0
3 17300
5 17
5 0
8 8
2 27600
3 1080
6 9
8 0
5 9
2 337
6 0
3 0
8 8
6 8
5 0
2 22500
8 8
3 62100
5 10
2 7990000
8 0
6 8
3 935
5 6
5 0
2 2020000
3 21600
8 8
6 8
6 0
5 5
2 147000
3 4760
8 5
6 8
5 0
2 49300
8 0
3 549
6 0
2 0
5 10
8 1
3 132000
6 11
2 1230
5 527
8 0
3 40500
6 8
6 8
8 0
3 777
5 10
2 7530000
6 45
6 0
8 0
3 3300
5 0
2 20
6 8
8 5
5 19
2 20600000
6 5
8 0
3 3950
8 5
3 12
5 0
8 0
2 47700
5 9
6 5
5 25
3 0
2 14800
8 0
6 0
2 74
5 562
3 10
8 1
8 0
2 1540000
6 1
5 8
8 0
6 0
2 29800
8 0
5 0
2 5300000
6 152
8 5
5 163
2 1540000
6 0
8 0
5 8
2 3610000
8 0
5 0
2 10500
6 5
8 5
2 479000
5 8
2 1230000
6 0
8 0
5 9
2 309000
6 5
6 0
6 5
2 9740
6 1
8 5
5 125
5 645
2 257000
8 0
5 0
6 1
2 2680
2 583
6 0
8 5
5 273
2 315000
6 5
8 0
5 8
8 5
5 28
2 0
8 0
5 5
6 0
8 0
5 5
2 18900
6 14
2 502000
8 0
5 0
6 0
2 77700
8 5
5 159
6 0
2 5
5 0
8 0
2 121000
6 5
8 0
5 712
6 0
2 1720000
5 0
8 5
6 5
2 551000
2 73000
2 165000
2 0
8 5
5 5
5 0
6 0
2 53000
8 5
5 8
8 0
5 0
6 5
5 2
6 0
8 0
5 63
5 5
2 49800
5 5
8 5
6 5
8 5
6 5
2 189000
5 1
6 0
8 5
2 0
5 0
8 5
2 11000
6 5
5 5
2 551000
8 0
6 5
2 73000
5 0
8 0
4 29
6 6
4 92
8 5
5 5
2 427000
5 0
8 0
2 0
4 15700
4 139
6 0
4 5
8 0
5 5
2 44100
5 0
2 162000
4 0
6 0
2 49300
8 0
5 5
4 11
6 1
5 0
2 0
6 0
4 4
4 16
5 5
8 5
2 46300
6 20
4 2670
7 0
8 0
5 5
2 2640000
6 0
4 73
7 9
5 0
8 0
2 0
8 0
6 5
4 0
7 0
2 38800
5 5
5 0
6 0
8 1
4 5
7 8
2 7260000
6 5
4 0
5 53
8 1
7 8
2 8580000
6 0
4 55
8 0
5 12
7 0
2 117000
2 2
4 0
6 5
8 5
5 5
7 8
7 0
5 0
8 5
4 64
6 5
2 3340000
8 0
7 8
4 0
5 5
8 0
2 1270000
6 5
7 8
8 6
4 14100
5 5
7 8
6 5
5 6
3 339
4 66
6 0
7 0
2 146000
8 0
